[result]
best_epoch=70
best_validation=0.060986
complete=1
cost_multiply_add=57722
epoch=100
max_epoch=100
schedule=0
training=0.047558
validation=0.062283
[statistics]
Output=44415
CostParameter=9548
CostAdd=34320
CostMultiply=16611
CostMultiplyAdd=57722
CostDivision=794
CostExp=15690
CostIf=37240
