[result]
best_epoch=60
best_validation=0.030182
complete=1
cost_multiply_add=1732752
epoch=100
max_epoch=100
schedule=0
training=0.000422
validation=0.03771300000000001
[statistics]
Output=49297
CostParameter=30300
CostAdd=25902
CostMultiply=19610
CostMultiplyAdd=1732752
CostDivision=10
CostExp=10
CostIf=38304
