[result]
best_epoch=20
best_validation=0.022576
complete=1
cost_multiply_add=4432960
epoch=100
max_epoch=100
schedule=0
training=0.00024
validation=0.025127
[statistics]
Output=107719
CostParameter=33710
CostAdd=78878
CostMultiply=70794
CostMultiplyAdd=4432960
CostDivision=10
CostExp=15690
CostIf=61712
