[result]
best_epoch=100
best_validation=0.024954
complete=1
cost_multiply_add=2194192
epoch=100
max_epoch=100
schedule=0
training=0.000178
validation=0.024954
[statistics]
Output=55597
CostParameter=34780
CostAdd=56142
CostMultiply=8074
CostMultiplyAdd=2194192
CostDivision=13338
CostExp=13338
CostIf=28084
