[result]
best_epoch=10
best_validation=0.05359
complete=1
cost_multiply_add=577024
epoch=100
max_epoch=100
schedule=0
training=0.000587
validation=0.074602
[statistics]
Output=163887
CostParameter=126386
CostAdd=100382
CostMultiply=50186
CostMultiplyAdd=577024
CostDivision=10
CostExp=10
CostIf=100352
