[result]
best_epoch=10
best_validation=0.038583
complete=1
cost_multiply_add=297920
epoch=100
max_epoch=100
schedule=0
training=0.00014
validation=0.087709
[statistics]
Output=71365
CostParameter=16330
CostAdd=56468
CostMultiply=25088
CostMultiplyAdd=297920
CostDivision=10
CostExp=25098
CostIf=62720
