[result]
best_epoch=90
best_validation=0.035891
complete=1
cost_multiply_add=176890
epoch=100
max_epoch=100
schedule=0
training=0.025766
validation=0.038169
[statistics]
Output=44415
CostParameter=9700
CostAdd=34320
CostMultiply=16611
CostMultiplyAdd=176890
CostDivision=794
CostExp=15690
CostIf=37240
