[result]
best_epoch=60
best_validation=0.323865
complete=1
cost_multiply_add=13354
epoch=100
max_epoch=100
schedule=0
training=0.33832
validation=0.3240450000000001
[statistics]
Output=2656
CostParameter=1717
CostAdd=1533
CostMultiply=953
CostMultiplyAdd=13354
CostDivision=794
CostExp=794
CostIf=676
