[result]
best_epoch=10
best_validation=0.03809
complete=1
cost_multiply_add=297920
epoch=100
max_epoch=100
schedule=0
training=0.003162
validation=0.127441
[statistics]
Output=97237
CostParameter=16458
CostAdd=82340
CostMultiply=50960
CostMultiplyAdd=297920
CostDivision=794
CostExp=25882
CostIf=62720
