[result]
best_epoch=5
best_validation=0.569289
complete=1
cost_multiply_add=1371664
epoch=100
max_epoch=100
schedule=0
training=1.018874
validation=1.043907
[statistics]
Output=56381
CostParameter=28252
CostAdd=29486
CostMultiply=22186
CostMultiplyAdd=1371664
CostDivision=10
CostExp=10
CostIf=41412
