[result]
best_epoch=20
best_validation=0.021495
complete=1
cost_multiply_add=2194192
epoch=100
max_epoch=100
schedule=0
training=0.000322
validation=0.026712
[statistics]
Output=55597
CostParameter=34780
CostAdd=42814
CostMultiply=21402
CostMultiplyAdd=2194192
CostDivision=13338
CostExp=13338
CostIf=28084
