[result]
best_epoch=20
best_validation=0.024496
complete=1
cost_multiply_add=1394064
epoch=100
max_epoch=100
schedule=0
training=0.0004360000000000001
validation=0.031953
[statistics]
Output=57837
CostParameter=50652
CostAdd=29486
CostMultiply=21402
CostMultiplyAdd=1394064
CostDivision=10
CostExp=10
CostIf=42308
