[result]
best_epoch=10
best_validation=0.033825
complete=1
cost_multiply_add=1371664
epoch=100
max_epoch=100
schedule=0
training=1e-05
validation=0.06829300000000002
[statistics]
Output=47523
CostParameter=27956
CostAdd=21412
CostMultiply=13328
CostMultiplyAdd=1371664
CostDivision=10
CostExp=10
CostIf=41412
