[result]
best_epoch=40
best_validation=0.02711
complete=1
cost_multiply_add=1371664
epoch=100
max_epoch=100
schedule=0
training=0.000163
validation=0.029316
[statistics]
Output=55597
CostParameter=28252
CostAdd=29486
CostMultiply=21402
CostMultiplyAdd=1371664
CostDivision=10
CostExp=10
CostIf=41412
