[result]
best_epoch=10
best_validation=0.037788
complete=1
cost_multiply_add=335552
epoch=100
max_epoch=100
schedule=0
training=5.2e-05
validation=0.079952
[statistics]
Output=72149
CostParameter=16522
CostAdd=57252
CostMultiply=25872
CostMultiplyAdd=335552
CostDivision=794
CostExp=25882
CostIf=62720
