[result]
best_epoch=5
best_validation=0.02984
complete=1
cost_multiply_add=4325328
epoch=100
max_epoch=100
schedule=0
training=0.00022
validation=0.048604
[statistics]
Output=95277
CostParameter=56418
CostAdd=39220
CostMultiply=6272
CostMultiplyAdd=4325328
CostDivision=10
CostExp=10
CostIf=78400
