[result]
best_epoch=20
best_validation=0.025923
complete=1
cost_multiply_add=1610560
epoch=100
max_epoch=100
schedule=0
training=0.000535
validation=0.033593
[statistics]
Output=60679
CostParameter=30010
CostAdd=31838
CostMultiply=23754
CostMultiplyAdd=1610560
CostDivision=10
CostExp=10
CostIf=46032
