[result]
best_epoch=10
best_validation=0.03830200000000001
complete=1
cost_multiply_add=297920
epoch=100
max_epoch=100
schedule=0
training=0.002607
validation=0.105207
[statistics]
Output=72149
CostParameter=16330
CostAdd=57252
CostMultiply=25872
CostMultiplyAdd=297920
CostDivision=794
CostExp=25882
CostIf=62720
