[result]
best_epoch=20
best_validation=0.028498
complete=1
cost_multiply_add=2167984
epoch=100
max_epoch=100
schedule=0
training=0.000115
validation=0.035557
[statistics]
Output=72537
CostParameter=34112
CostAdd=37326
CostMultiply=29242
CostMultiplyAdd=2167984
CostDivision=10
CostExp=10
CostIf=56812
