[result]
best_epoch=90
best_validation=0.257885
complete=1
cost_multiply_add=9016
epoch=100
max_epoch=100
schedule=0
training=0.247892
validation=0.2598230000000001
[statistics]
Output=2569
CostParameter=1980
CostAdd=1588
CostMultiply=784
CostMultiplyAdd=9016
CostDivision=794
CostExp=794
CostIf=784
