[result]
best_epoch=100
best_validation=0.06817
complete=1
cost_multiply_add=53844
epoch=100
max_epoch=100
schedule=0
training=0.03916300000000001
validation=0.06817
[statistics]
Output=6681
CostParameter=5582
CostAdd=3810
CostMultiply=1550
CostMultiplyAdd=53844
CostDivision=10
CostExp=10
CostIf=3724
