[result]
best_epoch=60
best_validation=0.028597
complete=1
cost_multiply_add=2623376
epoch=100
max_epoch=100
schedule=0
training=0.000312
validation=0.035703
[statistics]
Output=83723
CostParameter=46172
CostAdd=45614
CostMultiply=29466
CostMultiplyAdd=2623376
CostDivision=10
CostExp=10
CostIf=56644
