[result]
best_epoch=70
best_validation=0.027952
complete=1
cost_multiply_add=1371664
epoch=100
max_epoch=100
schedule=0
training=0.000602
validation=0.034079
[statistics]
Output=47533
CostParameter=27996
CostAdd=21422
CostMultiply=13338
CostMultiplyAdd=1371664
CostDivision=10
CostExp=10
CostIf=41412
