[result]
best_epoch=70
best_validation=0.027837
complete=1
cost_multiply_add=2247616
epoch=100
max_epoch=100
schedule=0
training=0.000174
validation=0.031991
[statistics]
Output=74231
CostParameter=34698
CostAdd=38110
CostMultiply=30026
CostMultiplyAdd=2247616
CostDivision=10
CostExp=10
CostIf=58352
