[result]
best_epoch=10
best_validation=0.042728
complete=1
cost_multiply_add=310954
epoch=100
max_epoch=100
schedule=0
training=0.003503
validation=0.115272
[statistics]
Output=80724
CostParameter=9890
CostAdd=64112
CostMultiply=34300
CostMultiplyAdd=310954
CostDivision=794
CostExp=30586
CostIf=67032
