[result]
best_epoch=100
best_validation=0.050442
complete=1
cost_multiply_add=87514
epoch=100
max_epoch=100
schedule=0
training=0.039687
validation=0.050442
[statistics]
Output=44415
CostParameter=9586
CostAdd=34320
CostMultiply=16611
CostMultiplyAdd=87514
CostDivision=794
CostExp=15690
CostIf=37240
