[result]
best_epoch=30
best_validation=0.02742
complete=1
cost_multiply_add=2088352
epoch=100
max_epoch=100
schedule=0
training=0.000117
validation=0.031304
[statistics]
Output=70843
CostParameter=33526
CostAdd=36542
CostMultiply=28458
CostMultiplyAdd=2088352
CostDivision=10
CostExp=10
CostIf=55272
