[result]
best_epoch=5
best_validation=0.03316800000000001
complete=1
cost_multiply_add=2566144
epoch=100
max_epoch=100
schedule=0
training=0.000323
validation=0.085826
[statistics]
Output=72933
CostParameter=36746
CostAdd=33172
CostMultiply=0
CostMultiplyAdd=2566144
CostDivision=10
CostExp=10
CostIf=64512
