[result]
best_epoch=50
best_validation=0.08068500000000002
complete=1
cost_multiply_add=50268
epoch=100
max_epoch=100
schedule=0
training=0.062306
validation=0.094199
[statistics]
Output=6480
CostParameter=5190
CostAdd=4459
CostMultiply=1523
CostMultiplyAdd=50268
CostDivision=794
CostExp=794
CostIf=2757
