[result]
best_epoch=60
best_validation=0.018043
complete=1
cost_multiply_add=1394064
epoch=100
max_epoch=100
schedule=0
training=0.000956
validation=0.020981
[statistics]
Output=61869
CostParameter=50652
CostAdd=29486
CostMultiply=25434
CostMultiplyAdd=1394064
CostDivision=10
CostExp=10
CostIf=42308
