[result]
best_epoch=30
best_validation=0.029478
complete=1
cost_multiply_add=2194192
epoch=100
max_epoch=100
schedule=0
training=0.000129
validation=0.032494
[statistics]
Output=57739
CostParameter=34780
CostAdd=29486
CostMultiply=21402
CostMultiplyAdd=2194192
CostDivision=10
CostExp=10
CostIf=43554
