[result]
best_epoch=100
best_validation=0.109383
complete=1
cost_multiply_add=41762
epoch=100
max_epoch=100
schedule=0
training=0.105738
validation=0.109383
[statistics]
Output=39627
CostParameter=5558
CostAdd=32990
CostMultiply=16212
CostMultiplyAdd=41762
CostDivision=794
CostExp=15690
CostIf=33782
