[result]
best_epoch=20
best_validation=0.026063
complete=1
cost_multiply_add=2194192
epoch=100
max_epoch=100
schedule=0
training=0.000296
validation=0.031529
[statistics]
Output=57739
CostParameter=34780
CostAdd=29486
CostMultiply=23544
CostMultiplyAdd=2194192
CostDivision=10
CostExp=10
CostIf=43554
