[result]
best_epoch=5
best_validation=0.038944
complete=1
cost_multiply_add=306432
epoch=100
max_epoch=100
schedule=0
training=7e-06
validation=0.088056
[statistics]
Output=88949
CostParameter=10090
CostAdd=79652
CostMultiply=50960
CostMultiplyAdd=306432
CostDivision=794
CostExp=25882
CostIf=56448
