[result]
best_epoch=10
best_validation=0.040052
complete=1
cost_multiply_add=271040
epoch=100
max_epoch=100
schedule=0
training=0.013841
validation=0.152251
[statistics]
Output=89845
CostParameter=9738
CostAdd=80100
CostMultiply=50960
CostMultiplyAdd=271040
CostDivision=794
CostExp=25882
CostIf=56896
