[result]
best_epoch=10
best_validation=0.046767
complete=1
cost_multiply_add=176890
epoch=100
max_epoch=100
schedule=0
training=0.000789
validation=0.111378
[statistics]
Output=43484
CostParameter=9700
CostAdd=34320
CostMultiply=15680
CostMultiplyAdd=176890
CostDivision=794
CostExp=15690
CostIf=37240
