[result]
best_epoch=3
best_validation=0.03428500000000001
complete=1
cost_multiply_add=3869824
epoch=100
max_epoch=100
schedule=0
training=0.000788
validation=0.129073
[statistics]
Output=60389
CostParameter=50186
CostAdd=37652
CostMultiply=0
CostMultiplyAdd=3869824
CostDivision=10
CostExp=10
CostIf=50176
