[result]
best_epoch=10
best_validation=0.028401
complete=1
cost_multiply_add=1434384
epoch=100
max_epoch=100
schedule=0
training=0.000194
validation=0.040386
[statistics]
Output=53805
CostParameter=90972
CostAdd=29486
CostMultiply=21402
CostMultiplyAdd=1434384
CostDivision=10
CostExp=10
CostIf=34244
