[result]
best_epoch=50
best_validation=0.036871
complete=1
cost_multiply_add=186200
epoch=100
max_epoch=100
schedule=0
training=0.014627
validation=0.038709
[statistics]
Output=46277
CostParameter=19010
CostAdd=34320
CostMultiply=17542
CostMultiplyAdd=186200
CostDivision=794
CostExp=15690
CostIf=37240
