[result]
best_epoch=10
best_validation=0.04317
complete=1
cost_multiply_add=354368
epoch=100
max_epoch=100
schedule=0
training=0.001301
validation=0.12777
[statistics]
Output=87045
CostParameter=16650
CostAdd=62740
CostMultiply=26656
CostMultiplyAdd=354368
CostDivision=10
CostExp=25098
CostIf=75264
