[result]
best_epoch=5
best_validation=0.048254
complete=1
cost_multiply_add=204820
epoch=100
max_epoch=100
schedule=0
training=4.9e-05
validation=0.121124
[statistics]
Output=42553
CostParameter=37630
CostAdd=34320
CostMultiply=15680
CostMultiplyAdd=204820
CostDivision=794
CostExp=15690
CostIf=33516
