[result]
best_epoch=20
best_validation=0.025611
complete=1
cost_multiply_add=2194192
epoch=100
max_epoch=100
schedule=0
training=0.000205
validation=0.034683
[statistics]
Output=55597
CostParameter=34780
CostAdd=29486
CostMultiply=21402
CostMultiplyAdd=2194192
CostDivision=10
CostExp=10
CostIf=41412
