[result]
best_epoch=40
best_validation=0.034967
complete=1
cost_multiply_add=1371664
epoch=100
max_epoch=100
schedule=0
training=0.000161
validation=0.036972
[statistics]
Output=47533
CostParameter=28252
CostAdd=29486
CostMultiply=21402
CostMultiplyAdd=1371664
CostDivision=10
CostExp=10
CostIf=33348
